 0.002    0.0030     -4.640     1027.   3.380  0.1512
 0.002    0.0040     -4.808      946.   3.404  0.1469
 0.002    0.0060     -5.036      843.   3.433  0.1422
 0.002    0.0080     -5.204      773.   3.451  0.1392
 0.002    0.0100     -5.331      724.   3.464  0.1372
 0.002    0.0150     -5.550      646.   3.483  0.1342
 0.002    0.0200     -5.709      593.   3.496  0.1322
 0.002    0.0300     -5.923      530.   3.513  0.1297
 0.002    0.0400     -6.072      489.   3.523  0.1281
 0.002    0.0600     -6.270      440.   3.537  0.1261
 0.002    0.0800     -6.412      408.   3.547  0.1247
 0.002    0.1000     -6.519      385.   3.554  0.1237
 0.002    0.1500     -6.705      348.   3.566  0.1219
 0.002    0.2000     -6.843      323.   3.575  0.1207
 0.002    0.3000     -7.034      292.   3.587  0.1190
 0.003    0.0030     -4.230     1262.   3.504  0.1605
 0.003    0.0040     -4.349     1203.   3.540  0.1540
 0.003    0.0060     -4.608     1061.   3.581  0.1468
 0.003    0.0080     -4.790      969.   3.606  0.1427
 0.003    0.0100     -4.928      904.   3.622  0.1400
 0.003    0.0150     -5.163      801.   3.647  0.1361
 0.003    0.0200     -5.335      732.   3.662  0.1337
 0.003    0.0300     -5.564      648.   3.681  0.1309
 0.003    0.0400     -5.722      596.   3.693  0.1291
 0.003    0.0600     -5.931      533.   3.708  0.1269
 0.003    0.0800     -6.085      491.   3.718  0.1254
 0.003    0.1000     -6.200      461.   3.725  0.1244
 0.003    0.1500     -6.394      415.   3.738  0.1226
 0.003    0.2000     -6.535      385.   3.746  0.1214
 0.003    0.3000     -6.727      347.   3.758  0.1197
 0.003    0.4000     -6.864      322.   3.767  0.1186
 0.003    0.6000     -7.050      291.   3.778  0.1171
 0.004    0.0030     -4.060     1357.   3.585  0.1688
 0.004    0.0040     -4.153     1312.   3.619  0.1622
 0.004    0.0060     -4.293     1244.   3.667  0.1535
 0.004    0.0080     -4.430     1173.   3.702  0.1475
 0.004    0.0100     -4.598     1079.   3.725  0.1437
 0.004    0.0150     -4.847      952.   3.757  0.1385
 0.004    0.0200     -5.031      866.   3.776  0.1354
 0.004    0.0300     -5.276      762.   3.799  0.1319
 0.004    0.0400     -5.445      697.   3.813  0.1298
 0.004    0.0600     -5.664      620.   3.830  0.1273
 0.004    0.0800     -5.824      570.   3.841  0.1256
 0.004    0.1000     -5.945      534.   3.850  0.1245
 0.004    0.1500     -6.150      478.   3.863  0.1226
 0.004    0.2000     -6.299      441.   3.872  0.1213
 0.004    0.3000     -6.497      397.   3.884  0.1196
 0.004    0.4000     -6.636      368.   3.893  0.1184
 0.004    0.6000     -6.823      332.   3.904  0.1169
 0.004    0.8000     -6.964      308.   3.912  0.1159
 0.004    1.0000     -7.071      290.   3.918  0.1151
 0.005    0.0030     -3.902     1461.   3.653  0.1744
 0.005    0.0040     -4.032     1382.   3.686  0.1680
 0.005    0.0060     -4.157     1320.   3.731  0.1595
 0.005    0.0080     -4.251     1275.   3.765  0.1533
 0.005    0.0100     -4.333     1235.   3.792  0.1487
 0.005    0.0150     -4.567     1107.   3.835  0.1415
 0.005    0.0200     -4.772      998.   3.860  0.1375
 0.005    0.0300     -5.030      874.   3.888  0.1331
 0.005    0.0400     -5.209      797.   3.905  0.1305
 0.005    0.0600     -5.442      704.   3.925  0.1276
 0.005    0.0800     -5.609      644.   3.938  0.1257
 0.005    0.1000     -5.733      603.   3.947  0.1244
 0.005    0.1500     -5.945      538.   3.961  0.1223
 0.005    0.2000     -6.101      495.   3.971  0.1209
 0.005    0.3000     -6.309      442.   3.984  0.1192
 0.005    0.4000     -6.452      410.   3.993  0.1180
 0.005    0.6000     -6.642      370.   4.004  0.1165
 0.005    0.8000     -6.784      342.   4.012  0.1154
 0.005    1.0000     -6.892      323.   4.018  0.1146
 0.005    1.5000     -7.080      291.   4.028  0.1133
 0.006    0.0030     -3.784     1546.   3.712  0.1787
 0.006    0.0040     -3.885     1487.   3.745  0.1720
 0.006    0.0060     -4.059     1378.   3.788  0.1636
 0.006    0.0080     -4.150     1333.   3.820  0.1577
 0.006    0.0100     -4.219     1300.   3.845  0.1532
 0.006    0.0150     -4.363     1228.   3.891  0.1453
 0.006    0.0200     -4.517     1145.   3.924  0.1399
 0.006    0.0300     -4.809      988.   3.960  0.1343
 0.006    0.0400     -4.997      898.   3.980  0.1312
 0.006    0.0600     -5.242      790.   4.003  0.1277
 0.006    0.0800     -5.421      719.   4.018  0.1256
 0.006    0.1000     -5.551      671.   4.028  0.1241
 0.006    0.1500     -5.768      597.   4.044  0.1219
 0.006    0.2000     -5.928      548.   4.055  0.1204
 0.006    0.3000     -6.144      488.   4.068  0.1185
 0.006    0.4000     -6.294      450.   4.077  0.1173
 0.006    0.6000     -6.489      405.   4.089  0.1157
 0.006    0.8000     -6.632      375.   4.097  0.1146
 0.006    1.0000     -6.740      353.   4.103  0.1138
 0.006    1.5000     -6.930      318.   4.113  0.1125
 0.006    2.0000     -7.071      295.   4.121  0.1116
 0.007    0.0030     -3.647     1658.   3.763  0.1819
 0.007    0.0040     -3.789     1557.   3.796  0.1751
 0.007    0.0060     -3.943     1461.   3.839  0.1666
 0.007    0.0080     -4.071     1381.   3.870  0.1608
 0.007    0.0100     -4.139     1347.   3.894  0.1565
 0.007    0.0150     -4.259     1289.   3.938  0.1487
 0.007    0.0200     -4.361     1240.   3.972  0.1430
 0.007    0.0300     -4.598     1109.   4.016  0.1359
 0.007    0.0400     -4.803     1000.   4.041  0.1320
 0.007    0.0600     -5.059      877.   4.068  0.1280
 0.007    0.0800     -5.246      795.   4.086  0.1255
 0.007    0.1000     -5.386      738.   4.097  0.1238
 0.007    0.1500     -5.613      655.   4.114  0.1214
 0.007    0.2000     -5.775      600.   4.126  0.1197
 0.007    0.3000     -5.995      533.   4.141  0.1178
 0.007    0.4000     -6.150      490.   4.150  0.1165
 0.007    0.6000     -6.353      439.   4.162  0.1149
 0.007    0.8000     -6.500      406.   4.170  0.1138
 0.007    1.0000     -6.609      382.   4.177  0.1130
 0.007    1.5000     -6.800      345.   4.187  0.1117
 0.007    2.0000     -6.942      319.   4.194  0.1107
 0.007    3.0000     -7.137      287.   4.204  0.1095
 0.008    0.0030     -3.466     1820.   3.802  0.1859
 0.008    0.0040     -3.623     1700.   3.841  0.1778
 0.008    0.0060     -3.845     1535.   3.885  0.1690
 0.008    0.0080     -3.977     1448.   3.917  0.1629
 0.008    0.0100     -4.071     1390.   3.939  0.1587
 0.008    0.0150     -4.188     1331.   3.981  0.1514
 0.008    0.0200     -4.276     1289.   4.013  0.1458
 0.008    0.0300     -4.421     1218.   4.060  0.1381
 0.008    0.0400     -4.615     1110.   4.091  0.1332
 0.008    0.0600     -4.888      966.   4.124  0.1284
 0.008    0.0800     -5.083      874.   4.144  0.1255
 0.008    0.1000     -5.227      810.   4.157  0.1236
 0.008    0.1500     -5.469      713.   4.176  0.1209
 0.008    0.2000     -5.638      651.   4.189  0.1191
 0.008    0.3000     -5.861      578.   4.204  0.1170
 0.008    0.4000     -6.019      531.   4.214  0.1157
 0.008    0.6000     -6.228      474.   4.227  0.1140
 0.008    0.8000     -6.380      436.   4.235  0.1129
 0.008    1.0000     -6.492      411.   4.242  0.1121
 0.008    1.5000     -6.684      370.   4.252  0.1107
 0.008    2.0000     -6.826      342.   4.260  0.1098
 0.008    3.0000     -7.022      307.   4.269  0.1085
 0.008    4.0000     -7.162      285.   4.276  0.1077
 0.009    0.0030     -3.315     1959.   3.831  0.1908
 0.009    0.0040     -3.505     1803.   3.876  0.1811
 0.009    0.0060     -3.722     1638.   3.926  0.1709
 0.009    0.0080     -3.873     1530.   3.959  0.1647
 0.009    0.0100     -3.987     1452.   3.982  0.1603
 0.009    0.0150     -4.131     1367.   4.021  0.1532
 0.009    0.0200     -4.214     1326.   4.051  0.1480
 0.009    0.0300     -4.337     1268.   4.097  0.1405
 0.009    0.0400     -4.444     1215.   4.130  0.1352
 0.009    0.0600     -4.727     1057.   4.170  0.1291
 0.009    0.0800     -4.925      956.   4.193  0.1257
 0.009    0.1000     -5.076      884.   4.208  0.1235
 0.009    0.1500     -5.328      774.   4.230  0.1205
 0.009    0.2000     -5.508      703.   4.244  0.1186
 0.009    0.3000     -5.738      622.   4.261  0.1163
 0.009    0.4000     -5.898      571.   4.271  0.1149
 0.009    0.6000     -6.111      509.   4.284  0.1132
 0.009    0.8000     -6.268      467.   4.293  0.1120
 0.009    1.0000     -6.383      439.   4.300  0.1112
 0.009    1.5000     -6.578      395.   4.311  0.1098
 0.009    2.0000     -6.722      365.   4.318  0.1089
 0.009    3.0000     -6.920      328.   4.328  0.1076
 0.009    4.0000     -7.060      303.   4.335  0.1068
 0.009    6.0000     -7.251      273.   4.344  0.1057
 0.010    0.0030     -3.216     2048.   3.854  0.1959
 0.010    0.0040     -3.356     1943.   3.903  0.1851
 0.010    0.0060     -3.598     1747.   3.960  0.1733
 0.010    0.0080     -3.774     1612.   3.996  0.1662
 0.010    0.0100     -3.881     1537.   4.020  0.1616
 0.010    0.0150     -4.073     1407.   4.059  0.1547
 0.010    0.0200     -4.161     1359.   4.087  0.1498
 0.010    0.0300     -4.271     1306.   4.128  0.1427
 0.010    0.0400     -4.358     1266.   4.160  0.1376
 0.010    0.0600     -4.531     1177.   4.206  0.1305
 0.010    0.0800     -4.761     1047.   4.234  0.1264
 0.010    0.1000     -4.909      971.   4.251  0.1239
 0.010    0.1500     -5.177      845.   4.277  0.1203
 0.010    0.2000     -5.359      767.   4.292  0.1183
 0.010    0.3000     -5.602      674.   4.310  0.1158
 0.010    0.4000     -5.763      619.   4.321  0.1143
 0.010    0.6000     -5.994      546.   4.336  0.1124
 0.010    0.8000     -6.147      503.   4.345  0.1112
 0.010    1.0000     -6.275      469.   4.352  0.1103
 0.010    1.5000     -6.473      421.   4.363  0.1089
 0.010    2.0000     -6.618      389.   4.371  0.1080
 0.010    3.0000     -6.822      348.   4.381  0.1067
 0.010    4.0000     -6.958      323.   4.388  0.1059
 0.010    6.0000     -7.159      289.   4.397  0.1048
 0.011    0.0030     -3.121     2134.   3.872  0.2010
 0.011    0.0040     -3.263     2027.   3.925  0.1893
 0.011    0.0060     -3.468     1867.   3.987  0.1762
 0.011    0.0080     -3.636     1735.   4.027  0.1683
 0.011    0.0100     -3.767     1633.   4.053  0.1633
 0.011    0.0150     -3.970     1485.   4.092  0.1562
 0.011    0.0200     -4.096     1401.   4.116  0.1518
 0.011    0.0300     -4.195     1350.   4.150  0.1460
 0.011    0.0400     -4.264     1317.   4.177  0.1416
 0.011    0.0600     -4.372     1267.   4.217  0.1353
 0.011    0.0800     -4.473     1217.   4.248  0.1304
 0.011    0.1000     -4.611     1140.   4.273  0.1268
 0.011    0.1500     -4.913      977.   4.306  0.1220
 0.011    0.2000     -5.111      881.   4.325  0.1194
 0.011    0.3000     -5.379      765.   4.348  0.1163
 0.011    0.4000     -5.563      693.   4.361  0.1145
 0.011    0.6000     -5.810      607.   4.378  0.1123
 0.011    0.8000     -5.981      554.   4.389  0.1109
 0.011    1.0000     -6.112      516.   4.397  0.1099
 0.011    1.5000     -6.347      454.   4.410  0.1083
 0.011    2.0000     -6.502      417.   4.418  0.1073
 0.011    3.0000     -6.717      371.   4.429  0.1059
 0.011    4.0000     -6.860      343.   4.436  0.1051
 0.011    6.0000     -7.059      308.   4.445  0.1039
 0.011    8.0000     -7.202      284.   4.452  0.1032
 0.012    0.0030     -3.044     2203.   3.888  0.2063
 0.012    0.0040     -3.171     2112.   3.942  0.1937
 0.012    0.0060     -3.370     1958.   4.010  0.1793
 0.012    0.0080     -3.517     1841.   4.049  0.1713
 0.012    0.0100     -3.622     1760.   4.076  0.1661
 0.012    0.0150     -3.796     1625.   4.112  0.1594
 0.012    0.0200     -3.909     1541.   4.132  0.1557
 0.012    0.0300     -4.041     1444.   4.152  0.1522
 0.012    0.0400     -4.085     1416.   4.161  0.1506
 0.012    0.0600     -4.136     1387.   4.176  0.1480
 0.012    0.0800     -4.174     1368.   4.190  0.1457
 0.012    0.1000     -4.211     1349.   4.203  0.1434
 0.012    0.1500     -4.310     1303.   4.242  0.1373
 0.012    0.2000     -4.429     1247.   4.284  0.1307
 0.012    0.3000     -4.843     1020.   4.349  0.1214
 0.012    0.4000     -5.136      876.   4.377  0.1174
 0.012    0.6000     -5.497      724.   4.406  0.1135
 0.012    0.8000     -5.722      641.   4.422  0.1115
 0.012    1.0000     -5.884      588.   4.432  0.1102
 0.012    1.5000     -6.160      506.   4.449  0.1081
 0.012    2.0000     -6.346      457.   4.459  0.1069
 0.012    3.0000     -6.586      401.   4.471  0.1054
 0.012    4.0000     -6.746      368.   4.479  0.1044
 0.012    6.0000     -6.965      326.   4.490  0.1032
 0.012    8.0000     -7.111      301.   4.496  0.1024
 0.012   10.0000     -7.231      282.   4.501  0.1018
 0.013    0.0030     -2.976     2262.   3.901  0.2115
 0.013    0.0040     -3.094     2183.   3.956  0.1984
 0.013    0.0060     -3.268     2052.   4.024  0.1836
 0.013    0.0080     -3.389     1955.   4.060  0.1761
 0.013    0.0100     -3.474     1887.   4.083  0.1714
 0.013    0.0150     -3.567     1816.   4.110  0.1662
 0.013    0.0200     -3.620     1775.   4.124  0.1636
 0.013    0.0300     -3.686     1723.   4.138  0.1610
 0.013    0.0400     -3.735     1685.   4.148  0.1591
 0.013    0.0600     -3.833     1612.   4.169  0.1553
 0.013    0.0800     -3.971     1506.   4.189  0.1518
 0.013    0.1000     -4.086     1424.   4.207  0.1487
 0.013    0.1500     -4.276     1326.   4.272  0.1379
 0.013    0.2000     -4.461     1238.   4.339  0.1277
 0.013    0.3000     -4.957      968.   4.408  0.1180
 0.013    0.4000     -5.251      830.   4.434  0.1145
 0.013    0.6000     -5.579      697.   4.459  0.1113
 0.013    0.8000     -5.783      625.   4.472  0.1096
 0.013    1.0000     -5.933      576.   4.482  0.1084
 0.013    1.5000     -6.172      506.   4.495  0.1067
 0.013    2.0000     -6.343      461.   4.504  0.1056
 0.013    3.0000     -6.562      409.   4.516  0.1042
 0.013    4.0000     -6.713      376.   4.523  0.1033
 0.013    6.0000     -6.914      337.   4.532  0.1022
 0.013    8.0000     -7.062      311.   4.539  0.1014
 0.013   10.0000     -7.174      292.   4.544  0.1009
 0.014    0.0030     -2.914     2315.   3.911  0.2169
 0.014    0.0040     -3.020     2247.   3.966  0.2037
 0.014    0.0060     -3.163     2146.   4.028  0.1896
 0.014    0.0080     -3.241     2087.   4.058  0.1832
 0.014    0.0100     -3.289     2049.   4.074  0.1797
 0.014    0.0150     -3.344     2005.   4.091  0.1763
 0.014    0.0200     -3.381     1974.   4.101  0.1742
 0.014    0.0300     -3.457     1912.   4.121  0.1703
 0.014    0.0400     -3.537     1851.   4.145  0.1657
 0.014    0.0600     -3.774     1667.   4.201  0.1553
 0.014    0.0800     -4.092     1430.   4.252  0.1465
 0.014    0.1000     -4.224     1357.   4.294  0.1396
 0.014    0.1500     -4.440     1255.   4.373  0.1274
 0.014    0.2000     -4.653     1140.   4.419  0.1208
 0.014    0.3000     -5.069      919.   4.462  0.1151
 0.014    0.4000     -5.298      815.   4.481  0.1125
 0.014    0.6000     -5.584      700.   4.502  0.1098
 0.014    0.8000     -5.769      633.   4.515  0.1083
 0.014    1.0000     -5.906      588.   4.523  0.1072
 0.014    1.5000     -6.131      521.   4.536  0.1056
 0.014    2.0000     -6.294      476.   4.545  0.1046
 0.014    3.0000     -6.511      423.   4.556  0.1033
 0.014    4.0000     -6.657      391.   4.563  0.1024
 0.014    6.0000     -6.858      350.   4.572  0.1013
 0.014    8.0000     -7.003      323.   4.579  0.1006
 0.014   10.0000     -7.114      304.   4.583  0.1000
 0.014   15.0000     -7.307      273.   4.591  0.0991
 0.015    0.0030     -2.857     2363.   3.920  0.2223
 0.015    0.0040     -2.949     2307.   3.971  0.2097
 0.015    0.0060     -3.053     2238.   4.021  0.1979
 0.015    0.0080     -3.099     2205.   4.041  0.1933
 0.015    0.0100     -3.125     2186.   4.052  0.1909
 0.015    0.0150     -3.164     2157.   4.068  0.1874
 0.015    0.0200     -3.205     2127.   4.085  0.1838
 0.015    0.0300     -3.322     2036.   4.126  0.1753
 0.015    0.0400     -3.510     1882.   4.177  0.1653
 0.015    0.0600     -3.992     1513.   4.280  0.1469
 0.015    0.0800     -4.209     1373.   4.328  0.1389
 0.015    0.1000     -4.305     1326.   4.364  0.1333
 0.015    0.1500     -4.482     1239.   4.424  0.1245
 0.015    0.2000     -4.683     1129.   4.463  0.1189
 0.015    0.3000     -5.038      940.   4.500  0.1140
 0.015    0.4000     -5.254      839.   4.518  0.1116
 0.015    0.6000     -5.519      729.   4.538  0.1091
 0.015    0.8000     -5.704      660.   4.551  0.1075
 0.015    1.0000     -5.845      612.   4.560  0.1064
 0.015    1.5000     -6.069      542.   4.573  0.1048
 0.015    2.0000     -6.233      495.   4.582  0.1038
 0.015    3.0000     -6.450      440.   4.593  0.1025
 0.015    4.0000     -6.598      406.   4.600  0.1016
 0.015    6.0000     -6.796      364.   4.609  0.1005
 0.015    8.0000     -6.942      336.   4.616  0.0998
 0.015   10.0000     -7.053      316.   4.620  0.0992
 0.015   15.0000     -7.246      284.   4.628  0.0983
 0.016    0.0030     -2.801     2408.   3.925  0.2283
 0.016    0.0040     -2.878     2364.   3.969  0.2169
 0.016    0.0060     -2.947     2322.   4.007  0.2076
 0.016    0.0080     -2.972     2306.   4.020  0.2045
 0.016    0.0100     -2.990     2294.   4.029  0.2023
 0.016    0.0150     -3.037     2262.   4.052  0.1972
 0.016    0.0200     -3.098     2218.   4.079  0.1912
 0.016    0.0300     -3.300     2066.   4.158  0.1746
 0.016    0.0400     -3.616     1816.   4.249  0.1571
 0.016    0.0600     -4.108     1438.   4.336  0.1422
 0.016    0.0800     -4.233     1368.   4.374  0.1361
 0.016    0.1000     -4.314     1328.   4.404  0.1315
 0.016    0.1500     -4.465     1255.   4.456  0.1238
 0.016    0.2000     -4.614     1177.   4.493  0.1186
 0.016    0.3000     -4.968      981.   4.532  0.1135
 0.016    0.4000     -5.185      875.   4.551  0.1110
 0.016    0.6000     -5.457      758.   4.572  0.1083
 0.016    0.8000     -5.643      686.   4.585  0.1067
 0.016    1.0000     -5.777      638.   4.594  0.1057
 0.016    1.5000     -6.003      565.   4.607  0.1041
 0.016    2.0000     -6.168      516.   4.616  0.1030
 0.016    3.0000     -6.388      458.   4.627  0.1017
 0.016    4.0000     -6.538      422.   4.635  0.1008
 0.016    6.0000     -6.737      378.   4.644  0.0997
 0.016    8.0000     -6.884      349.   4.650  0.0990
 0.016   10.0000     -6.995      328.   4.655  0.0985
 0.016   15.0000     -7.188      295.   4.663  0.0975
 0.017    0.0040     -2.804     2419.   3.962  0.2255
 0.017    0.0060     -2.848     2394.   3.987  0.2189
 0.017    0.0080     -2.867     2382.   3.999  0.2161
 0.017    0.0100     -2.885     2372.   4.009  0.2136
 0.017    0.0150     -2.941     2338.   4.040  0.2060
 0.017    0.0200     -3.026     2283.   4.083  0.1961
 0.017    0.0300     -3.376     2018.   4.218  0.1678
 0.017    0.0400     -3.691     1765.   4.302  0.1525
 0.017    0.0600     -4.083     1468.   4.373  0.1405
 0.017    0.0800     -4.230     1376.   4.408  0.1349
 0.017    0.1000     -4.303     1340.   4.435  0.1308
 0.017    0.1500     -4.439     1274.   4.483  0.1237
 0.017    0.2000     -4.563     1211.   4.519  0.1187
 0.017    0.3000     -4.892     1026.   4.561  0.1132
 0.017    0.4000     -5.113      915.   4.581  0.1105
 0.017    0.6000     -5.384      793.   4.603  0.1078
 0.017    0.8000     -5.573      716.   4.617  0.1061
 0.017    1.0000     -5.711      665.   4.626  0.1050
 0.017    1.5000     -5.939      588.   4.639  0.1033
 0.017    2.0000     -6.105      537.   4.649  0.1022
 0.017    3.0000     -6.327      476.   4.660  0.1009
 0.017    4.0000     -6.480      437.   4.667  0.1001
 0.017    6.0000     -6.680      392.   4.677  0.0990
 0.017    8.0000     -6.827      362.   4.683  0.0982
 0.017   10.0000     -6.939      340.   4.688  0.0977
 0.017   15.0000     -7.132      306.   4.696  0.0968
 0.018    0.0100     -2.800     2433.   3.993  0.2239
 0.018    0.0150     -2.872     2392.   4.035  0.2132
 0.018    0.0200     -3.002     2312.   4.106  0.1965
 0.018    0.0300     -3.434     1980.   4.269  0.1629
 0.018    0.0400     -3.686     1781.   4.337  0.1506
 0.018    0.0600     -4.044     1505.   4.402  0.1398
 0.018    0.0800     -4.206     1398.   4.436  0.1344
 0.018    0.1000     -4.288     1353.   4.462  0.1304
 0.018    0.1500     -4.416     1292.   4.509  0.1236
 0.018    0.2000     -4.520     1240.   4.542  0.1189
 0.018    0.3000     -4.813     1075.   4.587  0.1130
 0.018    0.4000     -5.024      964.   4.608  0.1102
 0.018    0.6000     -5.308      830.   4.632  0.1073
 0.018    0.8000     -5.494      751.   4.645  0.1056
 0.018    1.0000     -5.645      693.   4.656  0.1044
 0.018    1.5000     -5.880      610.   4.670  0.1026
 0.018    2.0000     -6.041      559.   4.679  0.1016
 0.018    3.0000     -6.269      494.   4.691  0.1002
 0.018    4.0000     -6.419      455.   4.698  0.0994
 0.018    6.0000     -6.623      407.   4.708  0.0983
 0.018    8.0000     -6.765      376.   4.715  0.0975
 0.018   10.0000     -6.885      352.   4.720  0.0970
 0.018   15.0000     -7.079      316.   4.728  0.0960
 0.019    0.0150     -2.830     2427.   4.043  0.2172
 0.019    0.0200     -3.037     2300.   4.156  0.1906
 0.019    0.0300     -3.445     1983.   4.307  0.1603
 0.019    0.0400     -3.672     1805.   4.369  0.1491
 0.019    0.0600     -3.977     1569.   4.430  0.1390
 0.019    0.0800     -4.195     1410.   4.464  0.1337
 0.019    0.1000     -4.270     1369.   4.487  0.1302
 0.019    0.1500     -4.391     1310.   4.531  0.1238
 0.019    0.2000     -4.488     1262.   4.564  0.1191
 0.019    0.3000     -4.712     1139.   4.610  0.1131
 0.019    0.4000     -4.951     1007.   4.634  0.1099
 0.019    0.6000     -5.239      865.   4.659  0.1068
 0.019    0.8000     -5.437      779.   4.674  0.1050
 0.019    1.0000     -5.580      721.   4.684  0.1038
 0.019    1.5000     -5.814      636.   4.699  0.1020
 0.019    2.0000     -5.983      580.   4.709  0.1009
 0.019    3.0000     -6.210      513.   4.721  0.0995
 0.019    4.0000     -6.367      470.   4.728  0.0986
 0.019    6.0000     -6.572      420.   4.738  0.0975
 0.019    8.0000     -6.720      387.   4.745  0.0968
 0.019   10.0000     -6.832      364.   4.750  0.0962
 0.019   15.0000     -7.026      327.   4.758  0.0953
 0.020    0.0150     -2.813     2448.   4.063  0.2177
 0.020    0.0200     -3.067     2290.   4.200  0.1859
 0.020    0.0300     -3.425     2010.   4.332  0.1597
 0.020    0.0400     -3.634     1844.   4.391  0.1492
 0.020    0.0600     -3.935     1610.   4.456  0.1384
 0.020    0.0800     -4.137     1459.   4.488  0.1335
 0.020    0.1000     -4.252     1384.   4.511  0.1299
 0.020    0.1500     -4.368     1326.   4.552  0.1239
 0.020    0.2000     -4.459     1282.   4.584  0.1195
 0.020    0.3000     -4.631     1192.   4.630  0.1133
 0.020    0.4000     -4.848     1068.   4.656  0.1100
 0.020    0.6000     -5.169      903.   4.685  0.1064
 0.020    0.8000     -5.360      815.   4.700  0.1046
 0.020    1.0000     -5.516      750.   4.711  0.1032
 0.020    1.5000     -5.750      662.   4.726  0.1015
 0.020    2.0000     -5.917      604.   4.736  0.1003
 0.020    3.0000     -6.152      532.   4.749  0.0988
 0.020    4.0000     -6.304      489.   4.756  0.0980
 0.020    6.0000     -6.522      434.   4.767  0.0968
 0.020    8.0000     -6.664      402.   4.773  0.0961
 0.020   10.0000     -6.782      376.   4.778  0.0955
 0.020   15.0000     -6.973      339.   4.786  0.0946
 0.022    0.0150     -2.863     2441.   4.149  0.2067
 0.022    0.0200     -3.078     2305.   4.263  0.1813
 0.022    0.0300     -3.374     2076.   4.378  0.1588
 0.022    0.0400     -3.569     1917.   4.434  0.1489
 0.022    0.0600     -3.851     1692.   4.500  0.1381
 0.022    0.0800     -4.058     1532.   4.533  0.1328
 0.022    0.1000     -4.209     1423.   4.557  0.1292
 0.022    0.1500     -4.330     1356.   4.594  0.1238
 0.022    0.2000     -4.413     1314.   4.623  0.1198
 0.022    0.3000     -4.547     1249.   4.668  0.1138
 0.022    0.4000     -4.715     1153.   4.697  0.1100
 0.022    0.6000     -5.024      984.   4.731  0.1058
 0.022    0.8000     -5.228      884.   4.748  0.1037
 0.022    1.0000     -5.391      810.   4.761  0.1022
 0.022    1.5000     -5.635      711.   4.777  0.1003
 0.022    2.0000     -5.807      648.   4.788  0.0991
 0.022    3.0000     -6.045      569.   4.801  0.0976
 0.022    4.0000     -6.200      523.   4.809  0.0967
 0.022    6.0000     -6.422      463.   4.820  0.0955
 0.022    8.0000     -6.566      428.   4.827  0.0948
 0.022   10.0000     -6.685      401.   4.832  0.0942
 0.022   15.0000     -6.878      360.   4.840  0.0933
 0.024    0.0150     -2.869     2459.   4.205  0.2024
 0.024    0.0200     -3.048     2345.   4.302  0.1812
 0.024    0.0300     -3.313     2148.   4.413  0.1593
 0.024    0.0400     -3.500     1992.   4.470  0.1493
 0.024    0.0600     -3.758     1784.   4.537  0.1382
 0.024    0.0800     -3.941     1639.   4.573  0.1326
 0.024    0.1000     -4.103     1516.   4.599  0.1286
 0.024    0.1500     -4.293     1387.   4.634  0.1235
 0.024    0.2000     -4.376     1343.   4.661  0.1198
 0.024    0.3000     -4.495     1285.   4.703  0.1142
 0.024    0.4000     -4.597     1232.   4.733  0.1103
 0.024    0.6000     -4.889     1065.   4.772  0.1054
 0.024    0.8000     -5.099      955.   4.792  0.1030
 0.024    1.0000     -5.270      872.   4.806  0.1014
 0.024    1.5000     -5.523      762.   4.824  0.0993
 0.024    2.0000     -5.702      692.   4.835  0.0980
 0.024    3.0000     -5.946      606.   4.849  0.0964
 0.024    4.0000     -6.103      556.   4.858  0.0955
 0.024    6.0000     -6.329      492.   4.869  0.0943
 0.024    8.0000     -6.475      454.   4.876  0.0935
 0.024   10.0000     -6.596      425.   4.881  0.0929
 0.024   15.0000     -6.790      382.   4.890  0.0920
 0.026    0.0150     -2.853     2489.   4.245  0.2014
 0.026    0.0200     -3.013     2389.   4.334  0.1817
 0.026    0.0300     -3.249     2219.   4.442  0.1605
 0.026    0.0400     -3.421     2078.   4.499  0.1502
 0.026    0.0600     -3.680     1862.   4.568  0.1387
 0.026    0.0800     -3.835     1741.   4.607  0.1327
 0.026    0.1000     -3.998     1612.   4.635  0.1284
 0.026    0.1500     -4.225     1445.   4.672  0.1231
 0.026    0.2000     -4.344     1369.   4.698  0.1195
 0.026    0.3000     -4.456     1313.   4.736  0.1143
 0.026    0.4000     -4.542     1270.   4.765  0.1106
 0.026    0.6000     -4.734     1165.   4.808  0.1053
 0.026    0.8000     -4.960     1037.   4.830  0.1026
 0.026    1.0000     -5.148      939.   4.846  0.1007
 0.026    1.5000     -5.414      815.   4.866  0.0984
 0.026    2.0000     -5.600      737.   4.879  0.0970
 0.026    3.0000     -5.852      644.   4.894  0.0953
 0.026    4.0000     -6.012      590.   4.903  0.0944
 0.026    6.0000     -6.242      520.   4.914  0.0931
 0.026    8.0000     -6.390      480.   4.922  0.0924
 0.026   10.0000     -6.513      448.   4.927  0.0918
 0.026   15.0000     -6.708      403.   4.936  0.0908
 0.028    0.0200     -2.974     2437.   4.361  0.1827
 0.028    0.0300     -3.190     2286.   4.466  0.1620
 0.028    0.0400     -3.349     2158.   4.525  0.1513
 0.028    0.0600     -3.593     1951.   4.594  0.1397
 0.028    0.0800     -3.758     1817.   4.635  0.1333
 0.028    0.1000     -3.879     1724.   4.666  0.1286
 0.028    0.1500     -4.159     1504.   4.708  0.1226
 0.028    0.2000     -4.293     1412.   4.732  0.1192
 0.028    0.3000     -4.423     1338.   4.769  0.1143
 0.028    0.4000     -4.503     1298.   4.797  0.1106
 0.028    0.6000     -4.645     1225.   4.837  0.1056
 0.028    0.8000     -4.823     1123.   4.864  0.1024
 0.028    1.0000     -5.029     1008.   4.883  0.1002
 0.028    1.5000     -5.324      863.   4.907  0.0975
 0.028    2.0000     -5.508      782.   4.920  0.0961
 0.028    3.0000     -5.764      681.   4.935  0.0943
 0.028    4.0000     -5.929      622.   4.945  0.0933
 0.028    6.0000     -6.155      550.   4.956  0.0921
 0.028    8.0000     -6.309      506.   4.964  0.0913
 0.028   10.0000     -6.436      472.   4.970  0.0907
 0.028   15.0000     -6.638      422.   4.979  0.0897
 0.030    0.0200     -2.930     2484.   4.380  0.1850
 0.030    0.0300     -3.135     2345.   4.485  0.1640
 0.030    0.0400     -3.285     2229.   4.547  0.1526
 0.030    0.0600     -3.520     2032.   4.622  0.1401
 0.030    0.0800     -3.695     1881.   4.663  0.1336
 0.030    0.1000     -3.822     1780.   4.693  0.1290
 0.030    0.1500     -4.032     1618.   4.738  0.1225
 0.030    0.2000     -4.218     1478.   4.766  0.1187
 0.030    0.3000     -4.395     1361.   4.800  0.1141
 0.030    0.4000     -4.469     1324.   4.826  0.1107
 0.030    0.6000     -4.591     1263.   4.867  0.1057
 0.030    0.8000     -4.720     1192.   4.895  0.1023
 0.030    1.0000     -4.913     1080.   4.916  0.0998
 0.030    1.5000     -5.202      928.   4.941  0.0970
 0.030    2.0000     -5.406      832.   4.956  0.0953
 0.030    3.0000     -5.672      721.   4.974  0.0934
 0.030    4.0000     -5.841      658.   4.983  0.0924
 0.030    6.0000     -6.082      577.   4.996  0.0910
 0.030    8.0000     -6.237      530.   5.004  0.0902
 0.030   10.0000     -6.364      494.   5.010  0.0896
 0.030   15.0000     -6.564      443.   5.019  0.0887
 0.033    0.0300     -3.062     2424.   4.512  0.1667
 0.033    0.0400     -3.201     2321.   4.574  0.1552
 0.033    0.0600     -3.413     2149.   4.653  0.1418
 0.033    0.0800     -3.577     2008.   4.699  0.1345
 0.033    0.1000     -3.721     1882.   4.732  0.1295
 0.033    0.1500     -3.935     1710.   4.779  0.1227
 0.033    0.2000     -4.122     1564.   4.810  0.1183
 0.033    0.3000     -4.347     1403.   4.846  0.1135
 0.033    0.4000     -4.430     1356.   4.870  0.1104
 0.033    0.6000     -4.538     1301.   4.907  0.1058
 0.033    0.8000     -4.629     1255.   4.936  0.1024
 0.033    1.0000     -4.723     1205.   4.959  0.0997
 0.033    1.5000     -5.052     1015.   4.990  0.0961
 0.033    2.0000     -5.269      905.   5.008  0.0942
 0.033    3.0000     -5.546      781.   5.027  0.0922
 0.033    4.0000     -5.725      709.   5.038  0.0910
 0.033    6.0000     -5.972      619.   5.051  0.0896
 0.033    8.0000     -6.135      566.   5.059  0.0888
 0.033   10.0000     -6.262      528.   5.065  0.0882
 0.033   15.0000     -6.470      471.   5.075  0.0872
 0.035    0.0300     -3.016     2475.   4.528  0.1686
 0.035    0.0400     -3.151     2375.   4.590  0.1569
 0.035    0.0600     -3.350     2218.   4.671  0.1430
 0.035    0.0800     -3.509     2082.   4.719  0.1353
 0.035    0.1000     -3.638     1971.   4.754  0.1300
 0.035    0.1500     -3.875     1770.   4.803  0.1228
 0.035    0.2000     -4.021     1657.   4.836  0.1183
 0.035    0.3000     -4.281     1460.   4.875  0.1131
 0.035    0.4000     -4.401     1381.   4.898  0.1101
 0.035    0.6000     -4.510     1323.   4.933  0.1057
 0.035    0.8000     -4.593     1282.   4.961  0.1024
 0.035    1.0000     -4.670     1242.   4.983  0.0998
 0.035    1.5000     -4.930     1092.   5.019  0.0958
 0.035    2.0000     -5.174      959.   5.039  0.0936
 0.035    3.0000     -5.464      822.   5.059  0.0914
 0.035    4.0000     -5.647      744.   5.071  0.0902
 0.035    6.0000     -5.898      650.   5.085  0.0888
 0.035    8.0000     -6.067      592.   5.094  0.0879
 0.035   10.0000     -6.196      552.   5.100  0.0873
 0.035   15.0000     -6.409      491.   5.110  0.0863
 0.038    0.0400     -3.081     2452.   4.612  0.1595
 0.038    0.0600     -3.273     2304.   4.695  0.1449
 0.038    0.0800     -3.414     2186.   4.745  0.1368
 0.038    0.1000     -3.540     2078.   4.783  0.1309
 0.038    0.1500     -3.767     1881.   4.837  0.1231
 0.038    0.2000     -3.943     1733.   4.871  0.1184
 0.038    0.3000     -4.159     1567.   4.913  0.1128
 0.038    0.4000     -4.320     1449.   4.937  0.1097
 0.038    0.6000     -4.473     1353.   4.971  0.1055
 0.038    0.8000     -4.549     1315.   4.996  0.1024
 0.038    1.0000     -4.616     1281.   5.018  0.0999
 0.038    1.5000     -4.808     1172.   5.056  0.0957
 0.038    2.0000     -5.022     1050.   5.080  0.0931
 0.038    3.0000     -5.339      888.   5.104  0.0905
 0.038    4.0000     -5.526      803.   5.117  0.0892
 0.038    6.0000     -5.791      696.   5.132  0.0876
 0.038    8.0000     -5.960      634.   5.141  0.0867
 0.038   10.0000     -6.100      587.   5.148  0.0860
 0.038   15.0000     -6.317      521.   5.158  0.0850
 0.040    0.0400     -3.042     2497.   4.627  0.1608
 0.040    0.0600     -3.224     2357.   4.708  0.1465
 0.040    0.0800     -3.361     2247.   4.763  0.1376
 0.040    0.1000     -3.478     2147.   4.801  0.1317
 0.040    0.1500     -3.702     1951.   4.858  0.1232
 0.040    0.2000     -3.895     1783.   4.894  0.1182
 0.040    0.3000     -4.112     1612.   4.936  0.1126
 0.040    0.4000     -4.246     1516.   4.963  0.1092
 0.040    0.6000     -4.449     1374.   4.995  0.1052
 0.040    0.8000     -4.526     1333.   5.020  0.1022
 0.040    1.0000     -4.588     1302.   5.041  0.0999
 0.040    1.5000     -4.736     1222.   5.079  0.0956
 0.040    2.0000     -4.930     1110.   5.106  0.0926
 0.040    3.0000     -5.258      933.   5.132  0.0899
 0.040    4.0000     -5.464      835.   5.146  0.0884
 0.040    6.0000     -5.718      728.   5.162  0.0869
 0.040    8.0000     -5.902      659.   5.172  0.0859
 0.040   10.0000     -6.037      612.   5.178  0.0852
 0.040   15.0000     -6.263      540.   5.189  0.0842
 0.043    0.0600     -3.159     2429.   4.727  0.1485
 0.043    0.0800     -3.290     2326.   4.783  0.1393
 0.043    0.1000     -3.396     2240.   4.823  0.1330
 0.043    0.1500     -3.609     2053.   4.885  0.1238
 0.043    0.2000     -3.784     1901.   4.925  0.1182
 0.043    0.3000     -4.039     1683.   4.969  0.1124
 0.043    0.4000     -4.174     1582.   4.997  0.1089
 0.043    0.6000     -4.402     1415.   5.031  0.1047
 0.043    0.8000     -4.495     1359.   5.055  0.1019
 0.043    1.0000     -4.554     1329.   5.074  0.0997
 0.043    1.5000     -4.674     1267.   5.111  0.0955
 0.043    2.0000     -4.794     1201.   5.139  0.0925
 0.043    3.0000     -5.134     1006.   5.170  0.0892
 0.043    4.0000     -5.352      895.   5.186  0.0876
 0.043    6.0000     -5.617      776.   5.203  0.0859
 0.043    8.0000     -5.806      700.   5.214  0.0848
 0.043   10.0000     -5.945      649.   5.221  0.0841
 0.043   15.0000     -6.177      572.   5.232  0.0831
 0.045    0.0600     -3.121     2472.   4.740  0.1498
 0.045    0.0800     -3.249     2373.   4.797  0.1403
 0.045    0.1000     -3.349     2293.   4.837  0.1339
 0.045    0.1500     -3.552     2117.   4.902  0.1243
 0.045    0.2000     -3.716     1974.   4.944  0.1184
 0.045    0.3000     -3.989     1733.   4.991  0.1122
 0.045    0.4000     -4.135     1619.   5.018  0.1087
 0.045    0.6000     -4.324     1482.   5.054  0.1044
 0.045    0.8000     -4.474     1378.   5.077  0.1016
 0.045    1.0000     -4.533     1346.   5.095  0.0995
 0.045    1.5000     -4.645     1288.   5.131  0.0955
 0.045    2.0000     -4.749     1232.   5.159  0.0925
 0.045    3.0000     -5.049     1058.   5.193  0.0889
 0.045    4.0000     -5.274      939.   5.211  0.0871
 0.045    6.0000     -5.550      809.   5.229  0.0853
 0.045    8.0000     -5.743      729.   5.240  0.0842
 0.045   10.0000     -5.885      675.   5.248  0.0835
 0.045   15.0000     -6.120      593.   5.259  0.0824
 0.048    0.0800     -3.193     2437.   4.814  0.1420
 0.048    0.1000     -3.287     2363.   4.856  0.1354
 0.048    0.1500     -3.475     2206.   4.923  0.1252
 0.048    0.2000     -3.633     2067.   4.968  0.1189
 0.048    0.3000     -3.893     1833.   5.020  0.1120
 0.048    0.4000     -4.077     1677.   5.049  0.1083
 0.048    0.6000     -4.258     1542.   5.085  0.1040
 0.048    0.8000     -4.436     1412.   5.109  0.1011
 0.048    1.0000     -4.504     1371.   5.127  0.0991
 0.048    1.5000     -4.610     1315.   5.160  0.0954
 0.048    2.0000     -4.699     1269.   5.187  0.0925
 0.048    3.0000     -4.907     1150.   5.224  0.0886
 0.048    4.0000     -5.158     1007.   5.245  0.0865
 0.048    6.0000     -5.450      862.   5.265  0.0845
 0.048    8.0000     -5.649      774.   5.278  0.0833
 0.048   10.0000     -5.795      715.   5.286  0.0825
 0.048   15.0000     -6.036      626.   5.298  0.0814
 0.050    0.1000     -3.251     2404.   4.867  0.1364
 0.050    0.1500     -3.428     2259.   4.936  0.1259
 0.050    0.2000     -3.583     2124.   4.983  0.1194
 0.050    0.3000     -3.828     1903.   5.038  0.1121
 0.050    0.4000     -4.024     1731.   5.069  0.1081
 0.050    0.6000     -4.220     1579.   5.105  0.1037
 0.050    0.8000     -4.387     1455.   5.130  0.1007
 0.050    1.0000     -4.484     1390.   5.147  0.0988
 0.050    1.5000     -4.590     1332.   5.179  0.0952
 0.050    2.0000     -4.672     1289.   5.205  0.0924
 0.050    3.0000     -4.829     1204.   5.243  0.0885
 0.050    4.0000     -5.082     1055.   5.266  0.0862
 0.050    6.0000     -5.378      900.   5.288  0.0840
 0.050    8.0000     -5.585      805.   5.301  0.0827
 0.050   10.0000     -5.733      743.   5.309  0.0819
 0.050   15.0000     -5.979      650.   5.322  0.0808
 0.053    0.1000     -3.201     2461.   4.883  0.1379
 0.053    0.1500     -3.366     2330.   4.952  0.1273
 0.053    0.2000     -3.505     2211.   5.000  0.1204
 0.053    0.3000     -3.733     2007.   5.061  0.1123
 0.053    0.4000     -3.911     1846.   5.094  0.1082
 0.053    0.6000     -4.154     1643.   5.134  0.1033
 0.053    0.8000     -4.302     1530.   5.158  0.1004
 0.053    1.0000     -4.443     1426.   5.176  0.0983
 0.053    1.5000     -4.558     1357.   5.206  0.0950
 0.053    2.0000     -4.638     1315.   5.230  0.0924
 0.053    3.0000     -4.766     1247.   5.267  0.0886
 0.053    4.0000     -4.928     1154.   5.293  0.0860
 0.053    6.0000     -5.273      960.   5.320  0.0834
 0.053    8.0000     -5.476      861.   5.333  0.0821
 0.053   10.0000     -5.639      789.   5.343  0.0812
 0.053   15.0000     -5.893      686.   5.356  0.0799
 0.055    0.1000     -3.169     2497.   4.892  0.1389
 0.055    0.1500     -3.329     2372.   4.963  0.1281
 0.055    0.2000     -3.462     2261.   5.012  0.1210
 0.055    0.3000     -3.678     2070.   5.075  0.1126
 0.055    0.4000     -3.856     1905.   5.109  0.1082
 0.055    0.6000     -4.113     1684.   5.152  0.1031
 0.055    0.8000     -4.252     1577.   5.176  0.1002
 0.055    1.0000     -4.393     1470.   5.195  0.0980
 0.055    1.5000     -4.538     1375.   5.224  0.0949
 0.055    2.0000     -4.616     1332.   5.247  0.0924
 0.055    3.0000     -4.734     1270.   5.282  0.0887
 0.055    4.0000     -4.850     1206.   5.309  0.0860
 0.055    6.0000     -5.195     1006.   5.339  0.0831
 0.055    8.0000     -5.415      894.   5.354  0.0817
 0.055   10.0000     -5.568      823.   5.363  0.0808
 0.055   15.0000     -5.835      712.   5.378  0.0794
 0.058    0.1500     -3.282     2427.   4.979  0.1292
 0.058    0.2000     -3.405     2329.   5.030  0.1217
 0.058    0.3000     -3.613     2144.   5.094  0.1131
 0.058    0.4000     -3.772     2002.   5.134  0.1080
 0.058    0.6000     -4.021     1777.   5.176  0.1029
 0.058    0.8000     -4.193     1634.   5.203  0.0998
 0.058    1.0000     -4.304     1550.   5.221  0.0977
 0.058    1.5000     -4.505     1403.   5.249  0.0946
 0.058    2.0000     -4.583     1357.   5.270  0.0924
 0.058    3.0000     -4.688     1302.   5.302  0.0890
 0.058    4.0000     -4.779     1254.   5.328  0.0864
 0.058    6.0000     -5.049     1095.   5.363  0.0830
 0.058    8.0000     -5.281      968.   5.381  0.0813
 0.058   10.0000     -5.448      885.   5.392  0.0803
 0.058   15.0000     -5.726      761.   5.408  0.0788
 0.060    0.1500     -3.251     2462.   4.987  0.1301
 0.060    0.2000     -3.371     2368.   5.039  0.1225
 0.060    0.3000     -3.568     2196.   5.106  0.1135
 0.060    0.4000     -3.719     2060.   5.146  0.1083
 0.060    0.6000     -3.979     1821.   5.191  0.1029
 0.060    0.8000     -4.146     1681.   5.219  0.0996
 0.060    1.0000     -4.257     1594.   5.237  0.0976
 0.060    1.5000     -4.467     1435.   5.265  0.0945
 0.060    2.0000     -4.558     1377.   5.284  0.0924
 0.060    3.0000     -4.656     1323.   5.314  0.0893
 0.060    4.0000     -4.736     1281.   5.338  0.0869
 0.060    6.0000     -4.905     1187.   5.374  0.0833
 0.060    8.0000     -5.173     1030.   5.395  0.0813
 0.060   10.0000     -5.348      938.   5.408  0.0801
 0.060   15.0000     -5.635      803.   5.426  0.0785
 0.063    0.2000     -3.324     2422.   5.053  0.1236
 0.063    0.3000     -3.506     2269.   5.121  0.1143
 0.063    0.4000     -3.658     2130.   5.164  0.1088
 0.063    0.6000     -3.913     1891.   5.212  0.1029
 0.063    0.8000     -4.044     1782.   5.240  0.0996
 0.063    1.0000     -4.181     1666.   5.259  0.0975
 0.063    1.5000     -4.371     1517.   5.287  0.0944
 0.063    2.0000     -4.508     1416.   5.304  0.0926
 0.063    3.0000     -4.601     1360.   5.328  0.0901
 0.063    4.0000     -4.665     1326.   5.347  0.0881
 0.063    6.0000     -4.777     1266.   5.380  0.0848
 0.063    8.0000     -4.901     1197.   5.407  0.0823
 0.063   10.0000     -5.119     1067.   5.424  0.0806
 0.064    0.2000     -3.309     2439.   5.057  0.1239
 0.064    0.3000     -3.486     2291.   5.126  0.1145
 0.064    0.4000     -3.636     2156.   5.169  0.1090
 0.064    0.6000     -3.855     1955.   5.218  0.1030
 0.064    0.8000     -4.023     1804.   5.247  0.0997
 0.064    1.0000     -4.150     1695.   5.266  0.0975
 0.064    1.5000     -4.341     1543.   5.293  0.0944
 0.064    2.0000     -4.483     1436.   5.310  0.0926
 0.064    3.0000     -4.580     1375.   5.332  0.0904
 0.064    4.0000     -4.639     1342.   5.349  0.0886
 0.064    6.0000     -4.736     1291.   5.378  0.0856
 0.064    8.0000     -4.833     1238.   5.404  0.0832
 0.064   10.0000     -4.974     1156.   5.425  0.0812
 0.064   15.0000     -5.347      947.   5.451  0.0787
 0.065    0.2000     -3.291     2458.   5.059  0.1246
 0.065    0.3000     -3.467     2313.   5.130  0.1149
 0.065    0.4000     -3.608     2185.   5.172  0.1095
 0.065    0.6000     -3.866     1941.   5.224  0.1031
 0.065    0.8000     -3.992     1834.   5.251  0.0999
 0.065    1.0000     -4.107     1738.   5.272  0.0975
 0.065    1.5000     -4.302     1577.   5.299  0.0946
 0.065    2.0000     -4.426     1482.   5.315  0.0928
 0.065    3.0000     -4.553     1393.   5.335  0.0907
 0.065    4.0000     -4.606     1363.   5.349  0.0892
 0.065    6.0000     -4.691     1317.   5.375  0.0867
 0.065    8.0000     -4.768     1276.   5.397  0.0844
 0.065   10.0000     -4.853     1230.   5.418  0.0824
 0.065   15.0000     -5.213     1019.   5.452  0.0792
 0.066    0.2000     -3.277     2475.   5.063  0.1250
 0.066    0.3000     -3.450     2333.   5.134  0.1152
 0.066    0.4000     -3.587     2210.   5.176  0.1097
 0.066    0.6000     -3.801     2014.   5.230  0.1032
 0.066    0.8000     -3.958     1870.   5.257  0.1000
 0.066    1.0000     -4.069     1774.   5.278  0.0976
 0.066    1.5000     -4.265     1610.   5.305  0.0947
 0.066    2.0000     -4.386     1515.   5.320  0.0930
 0.066    3.0000     -4.523     1415.   5.338  0.0911
 0.066    4.0000     -4.572     1384.   5.350  0.0899
 0.066    6.0000     -4.641     1346.   5.369  0.0879
 0.066    8.0000     -4.700     1314.   5.387  0.0861
 0.066   10.0000     -4.758     1284.   5.404  0.0844
 0.066   15.0000     -4.967     1165.   5.445  0.0806
 0.067    0.2000     -3.266     2490.   5.069  0.1251
 0.067    0.3000     -3.433     2353.   5.139  0.1154
 0.067    0.4000     -3.570     2232.   5.184  0.1097
 0.067    0.6000     -3.778     2039.   5.234  0.1035
 0.067    0.8000     -3.964     1863.   5.264  0.0999
 0.067    1.0000     -4.040     1803.   5.283  0.0978
 0.067    1.5000     -4.231     1641.   5.310  0.0948
 0.067    2.0000     -4.344     1552.   5.326  0.0931
 0.067    3.0000     -4.484     1445.   5.342  0.0914
 0.067    4.0000     -4.536     1409.   5.350  0.0905
 0.067    6.0000     -4.586     1379.   5.363  0.0892
 0.067    8.0000     -4.624     1357.   5.374  0.0881
 0.067   10.0000     -4.658     1339.   5.384  0.0871
 0.067   15.0000     -4.749     1291.   5.411  0.0844
 0.068    0.2000     -3.251     2507.   5.073  0.1254
 0.068    0.3000     -3.417     2372.   5.143  0.1158
 0.068    0.4000     -3.550     2255.   5.188  0.1099
 0.068    0.6000     -3.757     2062.   5.239  0.1036
 0.068    0.8000     -3.945     1883.   5.270  0.1000
 0.068    1.0000     -4.018     1825.   5.288  0.0980
 0.068    1.5000     -4.189     1680.   5.315  0.0949
 0.068    2.0000     -4.298     1592.   5.330  0.0933
 0.068    3.0000     -4.420     1496.   5.345  0.0917
 0.068    4.0000     -4.484     1447.   5.352  0.0910
 0.068    6.0000     -4.524     1420.   5.358  0.0904
 0.068    8.0000     -4.544     1407.   5.362  0.0900
 0.068   10.0000     -4.556     1399.   5.365  0.0897
 0.068   15.0000     -4.575     1388.   5.369  0.0892
 0.069    0.2000     -3.237     2524.   5.077  0.1258
 0.069    0.3000     -3.401     2391.   5.147  0.1161
 0.069    0.4000     -3.530     2278.   5.192  0.1102
 0.069    0.6000     -3.730     2091.   5.243  0.1039
 0.069    0.8000     -3.903     1927.   5.275  0.1002
 0.069    1.0000     -3.994     1847.   5.292  0.0982
 0.069    1.5000     -4.133     1732.   5.319  0.0952
 0.069    2.0000     -4.248     1635.   5.333  0.0936
 0.069    3.0000     -4.349     1554.   5.347  0.0922
 0.069    4.0000     -4.404     1512.   5.354  0.0915
 0.069    6.0000     -4.443     1482.   5.358  0.0911
 0.069    8.0000     -4.453     1474.   5.359  0.0910
 0.069   10.0000     -4.456     1472.   5.359  0.0909
 0.069   15.0000     -4.457     1471.   5.359  0.0909
 0.070    0.3000     -3.385     2409.   5.151  0.1164
 0.070    0.4000     -3.511     2300.   5.196  0.1105
 0.070    0.6000     -3.698     2128.   5.248  0.1041
 0.070    0.8000     -3.836     2002.   5.279  0.1004
 0.070    1.0000     -3.973     1868.   5.296  0.0984
 0.070    1.5000     -4.087     1775.   5.322  0.0956
 0.070    2.0000     -4.195     1682.   5.336  0.0940
 0.070    3.0000     -4.285     1608.   5.349  0.0927
 0.070    4.0000     -4.324     1577.   5.354  0.0921
 0.070    6.0000     -4.352     1556.   5.358  0.0917
 0.070    8.0000     -4.360     1549.   5.359  0.0916
 0.070   10.0000     -4.363     1547.   5.359  0.0916
 0.070   15.0000     -4.363     1547.   5.359  0.0916
 0.071    0.3000     -3.370     2427.   5.154  0.1167
 0.071    0.4000     -3.493     2321.   5.200  0.1108
 0.071    0.6000     -3.671     2159.   5.251  0.1044
 0.071    0.8000     -3.805     2034.   5.283  0.1007
 0.071    1.0000     -3.950     1891.   5.301  0.0986
 0.071    1.5000     -4.048     1811.   5.324  0.0960
 0.071    2.0000     -4.129     1744.   5.339  0.0944
 0.071    3.0000     -4.220     1665.   5.350  0.0932
 0.071    4.0000     -4.250     1641.   5.354  0.0928
 0.071    6.0000     -4.265     1628.   5.356  0.0926
 0.071    8.0000     -4.269     1625.   5.356  0.0925
 0.071   10.0000     -4.270     1624.   5.357  0.0925
 0.071   15.0000     -4.271     1623.   5.357  0.0925
 0.072    0.3000     -3.355     2445.   5.158  0.1171
 0.072    0.4000     -3.475     2342.   5.203  0.1111
 0.072    0.6000     -3.646     2186.   5.255  0.1047
 0.072    0.8000     -3.777     2064.   5.286  0.1010
 0.072    1.0000     -3.894     1951.   5.305  0.0988
 0.072    1.5000     -4.013     1843.   5.326  0.0965
 0.072    2.0000     -4.068     1799.   5.339  0.0951
 0.072    3.0000     -4.145     1733.   5.351  0.0938
 0.072    4.0000     -4.174     1708.   5.354  0.0934
 0.072    6.0000     -4.182     1701.   5.355  0.0933
 0.072    8.0000     -4.183     1700.   5.355  0.0933
 0.072   10.0000     -4.184     1699.   5.355  0.0933
 0.072   15.0000     -4.186     1698.   5.355  0.0933
 0.073    0.3000     -3.339     2463.   5.161  0.1174
 0.073    0.4000     -3.456     2363.   5.206  0.1115
 0.073    0.6000     -3.623     2212.   5.258  0.1050
 0.073    0.8000     -3.748     2095.   5.289  0.1013
 0.073    1.0000     -3.827     2024.   5.308  0.0992
 0.073    1.5000     -3.984     1871.   5.329  0.0969
 0.073    2.0000     -4.024     1839.   5.339  0.0958
 0.073    3.0000     -4.069     1803.   5.349  0.0946
 0.073    4.0000     -4.091     1784.   5.353  0.0942
 0.073    6.0000     -4.102     1775.   5.355  0.0940
 0.073    8.0000     -4.104     1773.   5.355  0.0940
 0.073   10.0000     -4.105     1772.   5.355  0.0939
 0.073   15.0000     -4.106     1771.   5.355  0.0939
 0.074    0.3000     -3.323     2482.   5.164  0.1178
 0.074    0.4000     -3.435     2386.   5.207  0.1122
 0.074    0.6000     -3.599     2239.   5.261  0.1054
 0.074    0.8000     -3.711     2134.   5.290  0.1020
 0.074    1.0000     -3.793     2059.   5.310  0.0997
 0.074    1.5000     -3.921     1935.   5.330  0.0974
 0.074    2.0000     -3.981     1878.   5.337  0.0965
 0.074    3.0000     -4.008     1856.   5.344  0.0958
 0.074    4.0000     -4.017     1848.   5.346  0.0956
 0.074    6.0000     -4.024     1842.   5.348  0.0954
 0.074    8.0000     -4.026     1841.   5.348  0.0953
 0.074   10.0000     -4.026     1841.   5.348  0.0953
 0.074   15.0000     -4.027     1841.   5.348  0.0953
 0.075    0.4000     -3.417     2406.   5.210  0.1125
 0.075    0.6000     -3.576     2265.   5.264  0.1058
 0.075    0.8000     -3.681     2166.   5.292  0.1024
 0.075    1.0000     -3.761     2092.   5.311  0.1002
 0.075    1.5000     -3.865     1994.   5.331  0.0979
 0.075    2.0000     -3.926     1933.   5.339  0.0970
 0.075    3.0000     -3.951     1908.   5.341  0.0967
 0.075    4.0000     -3.953     1906.   5.342  0.0967
 0.075    6.0000     -3.953     1906.   5.342  0.0967
 0.075    8.0000     -3.954     1905.   5.342  0.0967
 0.075   10.0000     -3.954     1905.   5.342  0.0967
 0.075   15.0000     -3.954     1905.   5.342  0.0967
 0.077    0.4000     -3.386     2444.   5.217  0.1131
 0.077    0.6000     -3.526     2319.   5.266  0.1069
 0.077    0.8000     -3.617     2236.   5.294  0.1035
 0.077    1.0000     -3.686     2172.   5.313  0.1013
 0.077    1.5000     -3.769     2093.   5.331  0.0992
 0.077    2.0000     -3.798     2066.   5.338  0.0984
 0.077    3.0000     -3.818     2049.   5.343  0.0978
 0.077    4.0000     -3.822     2045.   5.344  0.0977
 0.077    6.0000     -3.824     2043.   5.344  0.0977
 0.077    8.0000     -3.824     2043.   5.344  0.0977
 0.077   10.0000     -3.824     2043.   5.344  0.0977
 0.077   15.0000     -3.824     2043.   5.344  0.0977
 0.080    0.4000     -3.334     2503.   5.224  0.1144
 0.080    0.6000     -3.462     2390.   5.271  0.1083
 0.080    0.8000     -3.532     2327.   5.295  0.1054
 0.080    1.0000     -3.580     2283.   5.310  0.1036
 0.080    1.5000     -3.626     2242.   5.324  0.1019
 0.080    2.0000     -3.644     2225.   5.329  0.1013
 0.080    3.0000     -3.653     2217.   5.332  0.1010
 0.080    4.0000     -3.654     2216.   5.332  0.1010
 0.080    6.0000     -3.655     2215.   5.332  0.1010
 0.080    8.0000     -3.655     2215.   5.332  0.1010
 0.080   10.0000     -3.655     2215.   5.332  0.1009
 0.080   15.0000     -3.655     2215.   5.332  0.1009
